<?xml version="1.0"?>
<opencv_storage>
<threshold>9.</threshold>
<alpha>1.0000000000000000e-02</alpha>
<km>1.5000000000000000e+00</km>
<kv>6.0000002384185791e-01</kv>
<gaussians>3</gaussians>
<showOutput>1</showOutput>
</opencv_storage>
